#	A	C	D	E	F	G	H	I	K	L	M	N	P	Q	R	S	T	V	W	Y
A0A7L5YL15_9CHLR	0.10240963855421686	0.0	0.07228915662650602	0.04819277108433735	0.015060240963855422	0.05120481927710843	0.02108433734939759	0.045180722891566265	0.0	0.13855421686746988	0.018072289156626505	0.03614457831325301	0.04819277108433735	0.12349397590361445	0.06626506024096386	0.045180722891566265	0.045180722891566265	0.06325301204819277	0.006024096385542169	0.05421686746987952
F8I179_WEIKK	0.13038548752834467	0.0	0.11904761904761904	0.05782312925170068	0.012471655328798186	0.05328798185941043	0.0045351473922902496	0.07369614512471655	0.10657596371882086	0.08163265306122448	0.01020408163265306	0.09410430839002268	0.013605442176870748	0.04081632653061224	0.006802721088435374	0.04195011337868481	0.07029478458049887	0.06462585034013606	0.0011337868480725624	0.017006802721088437
BRKA_BORPE	0.14455445544554454	0.0009900990099009901	0.05742574257425743	0.033663366336633666	0.015841584158415842	0.1504950495049505	0.020792079207920793	0.031683168316831684	0.01782178217821782	0.0900990099009901	0.01287128712871287	0.028712871287128714	0.04554455445544554	0.041584158415841586	0.06930693069306931	0.06534653465346535	0.060396039603960394	0.07623762376237624	0.01287128712871287	0.023762376237623763
C4K6A2_HAMD5	0.06294416243654823	0.0010152284263959391	0.047715736040609136	0.047715736040609136	0.03350253807106599	0.11878172588832488	0.02030456852791878	0.06091370558375635	0.05482233502538071	0.07106598984771574	0.019289340101522844	0.06091370558375635	0.03756345177664975	0.03857868020304569	0.04263959390862944	0.08527918781725888	0.08629441624365482	0.07208121827411168	0.012182741116751269	0.026395939086294416
A0A0U5L8Z9_9GAMM	0.10171017101710171	0.0027002700270027003	0.06930693069306931	0.0405040504050405	0.022502250225022502	0.11971197119711971	0.021602160216021602	0.04410441044104411	0.017101710171017102	0.10621062106210621	0.012601260126012601	0.062106210621062106	0.0288028802880288	0.036003600360036005	0.04590459045904591	0.10441044104410441	0.0774077407740774	0.05850585058505851	0.009000900090009001	0.019801980198019802
M1NSP1_BARAA	0.05120481927710843	0.0	0.05783132530120482	0.04939759036144578	0.04156626506024096	0.13614457831325302	0.02891566265060241	0.0427710843373494	0.0572289156626506	0.06325301204819277	0.01325301204819277	0.04759036144578313	0.04457831325301205	0.03072289156626506	0.056626506024096385	0.11746987951807229	0.05060240963855422	0.07108433734939759	0.01325301204819277	0.02650602409638554
A0A2D0LBF5_9GAMM	0.05239520958083832	0.0	0.06287425149700598	0.04491017964071856	0.040419161676646706	0.09281437125748503	0.02844311377245509	0.06736526946107785	0.059880239520958084	0.08233532934131736	0.02245508982035928	0.08532934131736528	0.0344311377245509	0.02844311377245509	0.029940119760479042	0.08682634730538923	0.07335329341317365	0.058383233532934134	0.004491017964071856	0.04491017964071856
A0A4R7AZP2_9NEIS	0.11149425287356322	0.0011494252873563218	0.05517241379310345	0.013793103448275862	0.021839080459770115	0.15517241379310345	0.01954022988505747	0.03908045977011494	0.01839080459770115	0.07816091954022988	0.014942528735632184	0.07241379310344828	0.01839080459770115	0.04367816091954023	0.021839080459770115	0.09540229885057472	0.10459770114942529	0.08160919540229886	0.008045977011494253	0.02528735632183908
A0A1W6Z3T8_9BORD	0.11024978466838932	0.004306632213608958	0.05770887166236004	0.01808785529715762	0.02239448751076658	0.14814814814814814	0.013781223083548665	0.040482342807924204	0.019810508182601206	0.082687338501292	0.013781223083548665	0.07838070628768304	0.053402239448751075	0.040482342807924204	0.03789836347975883	0.07924203273040482	0.07493540051679587	0.07321274763135228	0.008613264427217916	0.02239448751076658
X2H8V8_9NEIS	0.07869249394673124	0.002421307506053269	0.07627118644067797	0.0387409200968523	0.04116222760290557	0.09079903147699758	0.03631961259079903	0.06295399515738499	0.05447941888619855	0.07506053268765134	0.015738498789346248	0.08595641646489104	0.026634382566585957	0.0387409200968523	0.021791767554479417	0.09685230024213075	0.059322033898305086	0.044794188861985475	0.009685230024213076	0.043583535108958835
A0A178IKZ1_9BACT	0.12254901960784313	0.0014705882352941176	0.053431372549019605	0.022549019607843137	0.01715686274509804	0.14901960784313725	0.016666666666666666	0.054411764705882354	0.008823529411764706	0.0892156862745098	0.010784313725490196	0.055392156862745096	0.016666666666666666	0.01764705882352941	0.0392156862745098	0.08872549019607844	0.1323529411764706	0.059803921568627454	0.00784313725490196	0.03627450980392157
A0A433SHS5_9BURK	0.07692307692307693	0.004690431519699813	0.058161350844277676	0.024390243902439025	0.03095684803001876	0.13133208255159476	0.0225140712945591	0.055347091932457786	0.024390243902439025	0.06848030018761726	0.019699812382739212	0.07317073170731707	0.016885553470919325	0.051594746716697934	0.03377110694183865	0.09662288930581614	0.10037523452157598	0.058161350844277676	0.004690431519699813	0.04784240150093809
A0A495RJU9_9GAMM	0.056338028169014086	0.0	0.06103286384976526	0.03169014084507042	0.04460093896713615	0.09507042253521127	0.01056338028169014	0.07276995305164319	0.04342723004694836	0.07042253521126761	0.017605633802816902	0.1643192488262911	0.01995305164319249	0.022300469483568074	0.01643192488262911	0.10328638497652583	0.06690140845070422	0.046948356807511735	0.005868544600938967	0.05046948356807512
A0A2U8E3I9_9BACT	0.17083734359961503	0.0009624639076034649	0.04908565928777671	0.02021174205967276	0.03128007699711261	0.1260827718960539	0.012993262752646775	0.0548604427333975	0.01973051010587103	0.10346487006737247	0.006737247353224254	0.05004812319538017	0.023099133782483156	0.018768046198267566	0.02598652550529355	0.08084696823869104	0.12271414821944177	0.05149181905678537	0.010587102983638113	0.02021174205967276
A0A2C6DIJ3_9GAMM	0.05997552019583843	0.009791921664626682	0.07588739290085679	0.05263157894736842	0.0416156670746634	0.08935128518971848	0.01591187270501836	0.06609547123623011	0.03916768665850673	0.07833537331701346	0.022031823745410038	0.09179926560587515	0.023255813953488372	0.025703794369645042	0.033047735618115054	0.11383108935128519	0.05997552019583843	0.046511627906976744	0.006119951040391677	0.04895960832313342
A0A085HBM4_9GAMM	0.06728778467908902	0.0	0.060041407867494824	0.033126293995859216	0.031055900621118012	0.11387163561076605	0.015527950310559006	0.057971014492753624	0.036231884057971016	0.06728778467908902	0.024844720496894408	0.09109730848861283	0.021739130434782608	0.035196687370600416	0.033126293995859216	0.11180124223602485	0.08178053830227744	0.06728778467908902	0.015527950310559006	0.035196687370600416
R6IRJ0_9PROT	0.09788867562380038	0.0	0.05950095969289827	0.045105566218809984	0.04702495201535509	0.1362763915547025	0.01055662188099808	0.0508637236084453	0.03166986564299424	0.07869481765834933	0.012476007677543186	0.0892514395393474	0.015355086372360844	0.012476007677543186	0.03838771593090211	0.09021113243761997	0.07773512476007678	0.0690978886756238	0.008637236084452975	0.028790786948176585
A0A1C4DR04_9GAMM	0.04778972520908005	0.0	0.054958183990442055	0.02986857825567503	0.03106332138590203	0.12066905615292713	0.014336917562724014	0.07646356033452807	0.04540023894862605	0.08004778972520908	0.02031063321385902	0.11589008363201912	0.015531660692951015	0.037037037037037035	0.03106332138590203	0.0979689366786141	0.08243727598566308	0.04778972520908005	0.007168458781362007	0.04420549581839905
E5Y6V5_BILW3	0.07878787878787878	0.0036363636363636364	0.06303030303030303	0.052121212121212124	0.03151515151515152	0.11272727272727273	0.02181818181818182	0.0496969696969697	0.03515151515151515	0.08484848484848485	0.02181818181818182	0.06060606060606061	0.02303030303030303	0.030303030303030304	0.04	0.09333333333333334	0.07151515151515152	0.055757575757575756	0.01818181818181818	0.052121212121212124
A0A085HHT6_9GAMM	0.0976303317535545	0.0018957345971563982	0.061611374407582936	0.029383886255924172	0.021800947867298578	0.13080568720379146	0.01800947867298578	0.05023696682464455	0.023696682464454975	0.07393364928909953	0.013270142180094787	0.07677725118483412	0.016113744075829384	0.035071090047393366	0.02843601895734597	0.11469194312796209	0.0909952606635071	0.07203791469194312	0.006635071090047393	0.03696682464454976
Q0WD17_YERPE	0.15174825174825174	0.0	0.06293706293706294	0.05384615384615385	0.028671328671328673	0.09300699300699301	0.004195804195804196	0.04195804195804196	0.07622377622377623	0.06363636363636363	0.01888111888111888	0.07622377622377623	0.02097902097902098	0.04055944055944056	0.011188811188811189	0.06783216783216783	0.1048951048951049	0.06923076923076923	0.0006993006993006993	0.013286713286713287
A0A178IEX1_9BACT	0.12971698113207547	0.0005896226415094339	0.05129716981132076	0.02358490566037736	0.024174528301886794	0.1633254716981132	0.010023584905660377	0.04658018867924528	0.01179245283018868	0.07606132075471699	0.00884433962264151	0.045990566037735846	0.01179245283018868	0.01768867924528302	0.036556603773584904	0.11084905660377359	0.10436320754716981	0.08903301886792453	0.01474056603773585	0.022995283018867923
A0A2U8E2G2_9BACT	0.13553244890641808	0.0	0.04983865184653998	0.021154535675869487	0.012907852276801721	0.13983506633201864	0.02151308712800287	0.08390103979921118	0.013266403728935103	0.05629257798494084	0.00932233775546791	0.0778056651129437	0.01541771244173539	0.01828612405880244	0.027608461814270346	0.09286482610254572	0.13768375761921836	0.0494801003944066	0.006812477590534241	0.030476873431337398
R5XZJ3_9PROT	0.07142857142857142	0.000992063492063492	0.057539682539682536	0.051587301587301584	0.03273809523809524	0.15674603174603174	0.017857142857142856	0.06547619047619048	0.037698412698412696	0.05257936507936508	0.011904761904761904	0.057539682539682536	0.010912698412698412	0.04861111111111111	0.03373015873015873	0.08531746031746032	0.07242063492063493	0.08531746031746032	0.011904761904761904	0.037698412698412696
A0A014Q107_9GAMM	0.10064043915827996	0.0	0.05489478499542543	0.025617566331198535	0.018298261665141813	0.11527904849039342	0.009149130832570906	0.04117108874656908	0.01463860933211345	0.09057639524245197	0.01646843549862763	0.05123513266239707	0.012808783165599268	0.04757548032936871	0.025617566331198535	0.13083257090576395	0.11802378774016468	0.07044830741079597	0.009149130832570906	0.04757548032936871
B2KB70_ELUMP	0.08302122347066167	0.0006242197253433209	0.04431960049937578	0.031210986267166042	0.041822721598002495	0.1317103620474407	0.00686641697877653	0.07178526841448189	0.02933832709113608	0.07615480649188515	0.023096129837702872	0.11735330836454431	0.00686641697877653	0.02933832709113608	0.017478152309612985	0.10736579275905118	0.10049937578027465	0.04931335830212235	0.004369538077403246	0.02746566791510612
A0A085HI77_9GAMM	0.0838095238095238	0.0	0.06285714285714286	0.02761904761904762	0.01619047619047619	0.13142857142857142	0.011428571428571429	0.04285714285714286	0.02666666666666667	0.07904761904761905	0.02	0.07333333333333333	0.02095238095238095	0.04476190476190476	0.03238095238095238	0.10952380952380952	0.07238095238095238	0.09047619047619047	0.01619047619047619	0.0380952380952381
A0A1G4RQ19_9HYPH	0.14024896265560166	0.0	0.06224066390041494	0.03734439834024896	0.03402489626556016	0.14356846473029045	0.00995850622406639	0.051452282157676346	0.00995850622406639	0.08132780082987552	0.011618257261410789	0.036514522821576766	0.034854771784232366	0.034854771784232366	0.04232365145228216	0.08879668049792531	0.06970954356846473	0.07136929460580912	0.014937759336099586	0.024896265560165973
A6T0R8_JANMA	0.10665451230628988	0.0054694621695533276	0.04284412032816773	0.019143117593436645	0.014585232452142206	0.15223336371923427	0.010938924339106655	0.061075660893345485	0.020966271649954422	0.07383773928896992	0.01731996353691887	0.06472196900638104	0.0300820419325433	0.032816773017319965	0.03919781221513218	0.097538742023701	0.1048313582497721	0.0601640838650866	0.01276207839562443	0.032816773017319965
G9PXM4_9BACT	0.09919571045576407	0.005361930294906166	0.07149240393208221	0.03038427167113494	0.022341376228775692	0.12511170688114387	0.010723860589812333	0.06166219839142091	0.04825737265415549	0.05987488829311886	0.016979445933869526	0.06255585344057193	0.012511170688114389	0.014298480786416443	0.03663985701519214	0.11170688114387846	0.08221626452189455	0.064343163538874	0.0160857908847185	0.04825737265415549
A0A085APW4_9ENTR	0.09461426491994178	0.0	0.08151382823871907	0.046579330422125184	0.021834061135371178	0.11499272197962154	0.01455604075691412	0.0611353711790393	0.033478893740902474	0.06695778748180495	0.01455604075691412	0.07278020378457059	0.03202328966521106	0.036390101892285295	0.021834061135371178	0.07278020378457059	0.09898107714701601	0.08296943231441048	0.005822416302765648	0.026200873362445413
A0A4R2N7U7_9PAST	0.08270676691729323	0.00322234156820623	0.04189044038668099	0.0397422126745435	0.03007518796992481	0.07089151450053706	0.04081632653061224	0.055853920515574654	0.05263157894736842	0.11063372717508056	0.01288936627282492	0.06874328678839957	0.03329752953813104	0.06659505907626208	0.04081632653061224	0.08270676691729323	0.0719656283566058	0.04189044038668099	0.00966702470461869	0.04296455424274973
A0A178IDV1_9BACT	0.14855875831485588	0.0022172949002217295	0.051736881005173686	0.023651145602365115	0.028085735402808575	0.14781966001478197	0.017738359201773836	0.05321507760532151	0.011825572801182557	0.08573540280857354	0.014042867701404288	0.05321507760532151	0.023651145602365115	0.018477457501847747	0.04878048780487805	0.08795269770879527	0.08056171470805618	0.06504065040650407	0.013303769401330377	0.024390243902439025
A0A6G9I936_9GAMM	0.07454128440366972	0.0	0.06651376146788991	0.04243119266055046	0.033256880733944956	0.09288990825688073	0.020642201834862386	0.06422018348623854	0.03784403669724771	0.0768348623853211	0.022935779816513763	0.09288990825688073	0.009174311926605505	0.03096330275229358	0.028669724770642203	0.09518348623853211	0.08256880733944955	0.06536697247706422	0.009174311926605505	0.05389908256880734
A0A017H820_9FUSO	0.060851926977687626	0.0010141987829614604	0.057809330628803245	0.06592292089249494	0.04969574036511156	0.10040567951318459	0.02332657200811359	0.06288032454361055	0.08924949290060852	0.08012170385395538	0.019269776876267748	0.07505070993914807	0.014198782961460446	0.02332657200811359	0.032454361054766734	0.0821501014198783	0.06389452332657201	0.0436105476673428	0.006085192697768763	0.0486815415821501
A0A388SEA2_9BURK	0.09920983318700614	0.0	0.06584723441615452	0.04302019315188762	0.027216856892010536	0.11589113257243196	0.018437225636523266	0.048287971905179985	0.04038630377524144	0.06584723441615452	0.021071115013169446	0.053555750658472345	0.038630377524143986	0.021949078138718173	0.04477611940298507	0.09306409130816505	0.09569798068481124	0.07111501316944688	0.014047410008779631	0.021949078138718173
A0A0G3CP47_9GAMM	0.07447864945382324	0.0009930486593843098	0.05660377358490566	0.021847070506454815	0.027805362462760674	0.11618669314796425	0.012909632571996028	0.07348560079443893	0.041708043694141016	0.07447864945382324	0.021847070506454815	0.1221449851042701	0.018867924528301886	0.031777557100297914	0.019860973187686197	0.10228401191658391	0.08738828202581926	0.05461767626613704	0.006951340615690168	0.033763654419066536
A0A231HLK3_9BURK	0.06745182012847965	0.0032119914346895075	0.05139186295503212	0.031049250535331904	0.028907922912205567	0.10599571734475374	0.009635974304068522	0.069593147751606	0.044967880085653104	0.07922912205567452	0.008565310492505354	0.11670235546038545	0.019271948608137045	0.04068522483940043	0.028907922912205567	0.1006423982869379	0.09421841541755889	0.044967880085653104	0.01284796573875803	0.0417558886509636
B2FQ23_STRMK	0.10827464788732394	0.0017605633802816902	0.06602112676056338	0.02464788732394366	0.02112676056338028	0.13996478873239437	0.020246478873239437	0.032570422535211266	0.009683098591549295	0.0801056338028169	0.01232394366197183	0.04225352112676056	0.03873239436619718	0.037852112676056336	0.07042253521126761	0.0977112676056338	0.06073943661971831	0.08626760563380281	0.018485915492957746	0.030809859154929578
A0A085HEN2_9GAMM	0.07386888273314866	0.002770083102493075	0.05909510618651893	0.0332409972299169	0.03139427516158818	0.1615881809787627	0.02585410895660203	0.05263157894736842	0.019390581717451522	0.07479224376731301	0.014773776546629732	0.06555863342566944	0.0221606648199446	0.027700831024930747	0.04801477377654663	0.08494921514312095	0.0729455216989843	0.08310249307479224	0.01569713758079409	0.030470914127423823
A0A381HB23_CITKO	0.08576051779935275	0.009708737864077669	0.07605177993527508	0.03398058252427184	0.012944983818770227	0.11003236245954692	0.012944983818770227	0.05663430420711974	0.02912621359223301	0.06310679611650485	0.011326860841423949	0.06634304207119741	0.06310679611650485	0.024271844660194174	0.03559870550161812	0.08090614886731391	0.09385113268608414	0.08090614886731391	0.009708737864077669	0.043689320388349516
A0A4P9VQK6_9GAMM	0.04524886877828054	0.0022624434389140274	0.0746606334841629	0.033936651583710405	0.03506787330316742	0.10180995475113122	0.011312217194570135	0.09502262443438914	0.023755656108597284	0.07692307692307693	0.014705882352941176	0.09841628959276018	0.019230769230769232	0.03959276018099547	0.029411764705882353	0.10520361990950226	0.08823529411764706	0.05995475113122172	0.013574660633484163	0.03167420814479638
A0A2U8E0M0_9BACT	0.1551912568306011	0.000546448087431694	0.0633879781420765	0.019672131147540985	0.03278688524590164	0.13333333333333333	0.01366120218579235	0.055191256830601096	0.015300546448087432	0.08032786885245902	0.008743169398907104	0.06393442622950819	0.01912568306010929	0.018579234972677595	0.03770491803278689	0.06830601092896176	0.12786885245901639	0.05245901639344262	0.013114754098360656	0.020765027322404372
A0A1Y0ERS7_9BURK	0.13518197573656845	0.0034662045060658577	0.04852686308492201	0.012131715771230503	0.01386481802426343	0.15077989601386482	0.025996533795493933	0.03986135181975736	0.0034662045060658577	0.0779896013864818	0.012131715771230503	0.058925476603119586	0.036395147313691506	0.02772963604852686	0.04679376083188908	0.07972270363951472	0.12824956672443674	0.07452339688041594	0.012131715771230503	0.012131715771230503
A0A433SAQ6_9BURK	0.08961303462321792	0.004073319755600814	0.0539714867617108	0.031568228105906315	0.019348268839103868	0.14867617107942974	0.02240325865580448	0.03971486761710794	0.017311608961303463	0.07230142566191446	0.018329938900203666	0.06008146639511202	0.015274949083503055	0.04480651731160896	0.034623217922606926	0.09877800407331976	0.07230142566191446	0.09572301425661914	0.014256619144602852	0.04684317718940937
A0A178IQP1_9BACT	0.10977804439112178	0.0	0.05318936212757448	0.02399520095980804	0.03199360127974405	0.14657068586282743	0.011197760447910418	0.04519096180763847	0.016796640671865627	0.09958008398320337	0.01279744051189762	0.07398520295940812	0.014597080583883223	0.027794441111777646	0.027794441111777646	0.09138172365526895	0.11137772445510898	0.0623875224955009	0.010997800439912017	0.028594281143771244
A0A085HHM2_9GAMM	0.09675615212527965	0.0005592841163310962	0.06823266219239374	0.030201342281879196	0.01901565995525727	0.1493288590604027	0.008948545861297539	0.052572706935123045	0.02796420581655481	0.08445190156599552	0.015100671140939598	0.06767337807606263	0.010626398210290829	0.031879194630872486	0.0296420581655481	0.10626398210290827	0.08501118568232663	0.07270693512304251	0.010626398210290829	0.03243847874720358
A0A2T4JBP7_RHOBL	0.09572072072072071	0.0045045045045045045	0.07882882882882883	0.02927927927927928	0.02364864864864865	0.16328828828828829	0.010135135135135136	0.05292792792792793	0.013513513513513514	0.0945945945945946	0.00563063063063063	0.04279279279279279	0.03490990990990991	0.028153153153153154	0.03490990990990991	0.06418918918918919	0.10247747747747747	0.0731981981981982	0.02027027027027027	0.02702702702702703
A0A2U2ACS0_9GAMM	0.06525735294117647	0.0027573529411764708	0.04044117647058824	0.07352941176470588	0.02297794117647059	0.11488970588235294	0.012867647058823529	0.06341911764705882	0.04136029411764706	0.06801470588235294	0.015625	0.08547794117647059	0.04963235294117647	0.03952205882352941	0.03768382352941176	0.07996323529411764	0.078125	0.06158088235294118	0.011029411764705883	0.035845588235294115
A0A0H3KBC0_BURM1	0.13586413586413587	0.000999000999000999	0.06293706293706294	0.03696303696303696	0.015984015984015984	0.13086913086913088	0.02097902097902098	0.03796203796203796	0.017982017982017984	0.07892107892107893	0.016983016983016984	0.03696303696303696	0.054945054945054944	0.026973026973026972	0.060939060939060936	0.07092907092907093	0.07092907092907093	0.08091908091908091	0.01098901098901099	0.029970029970029972
Q9CKA8_PASMU	0.06470588235294118	0.0058823529411764705	0.042352941176470586	0.04941176470588235	0.04	0.07764705882352942	0.04470588235294118	0.058823529411764705	0.05647058823529412	0.08823529411764706	0.009411764705882352	0.08470588235294117	0.023529411764705882	0.05529411764705883	0.04	0.07529411764705882	0.08352941176470588	0.047058823529411764	0.015294117647058824	0.03764705882352941
H0UMC9_9BACT	0.10903873744619799	0.00430416068866571	0.06169296987087518	0.05021520803443329	0.03299856527977044	0.13773314203730272	0.010043041606886656	0.027259684361549498	0.027259684361549498	0.08177905308464849	0.01721664275466284	0.02582496413199426	0.03443328550932568	0.024390243902439025	0.06599713055954089	0.09325681492109039	0.06886657101865136	0.08321377331420372	0.028694404591104734	0.015781922525107604
H5V6T4_ATLHE	0.10438645197112716	0.0	0.04997223764575236	0.02109938922820655	0.032759578012215435	0.13603553581343697	0.009994447529150472	0.04830649639089395	0.011660188784008884	0.10216546363131594	0.007218212104386452	0.07440310938367574	0.03609106052193226	0.0416435313714603	0.0421987784564131	0.10327595780122155	0.084952803997779	0.06218767351471405	0.011660188784008884	0.019988895058300944
A0A077DBE0_9BURK	0.07103825136612021	0.004371584699453552	0.06229508196721312	0.034972677595628415	0.02841530054644809	0.09289617486338798	0.013114754098360656	0.03934426229508197	0.03715846994535519	0.07431693989071038	0.014207650273224045	0.06885245901639345	0.017486338797814208	0.03934426229508197	0.053551912568306013	0.09289617486338798	0.1005464480874317	0.06229508196721312	0.015300546448087432	0.07759562841530054
R6J567_9FIRM	0.10682288077188146	0.0006891798759476223	0.08063404548587182	0.05513439007580979	0.030323914541695383	0.13714679531357685	0.013783597518952447	0.07167470709855273	0.04066161268090972	0.048242591316333565	0.015851137146795313	0.0737422467263956	0.004824259131633356	0.028945554789800137	0.019297036526533425	0.07856650585802895	0.06753962784286699	0.0771881461061337	0.011026878015161957	0.03790489317711923
A0A431THL9_9BURK	0.12468827930174564	0.006650041562759767	0.0457190357439734	0.025768911055694097	0.024106400665004156	0.15793848711554448	0.014131338320864505	0.03408146300914381	0.01828761429758936	0.07315045719035744	0.00914380714879468	0.04987531172069826	0.03158769742310889	0.03906899418121363	0.05569409808811305	0.085619285120532	0.08645054031587697	0.07896924355777224	0.013300083125519535	0.025768911055694097
A0A363RGH5_9BURK	0.109375	0.0078125	0.02734375	0.01171875	0.01953125	0.14453125	0.00390625	0.03515625	0.01171875	0.11328125	0.015625	0.046875	0.05859375	0.046875	0.015625	0.1015625	0.1171875	0.0859375	0.01171875	0.015625
D4GLY6_PANAM	0.0751269035532995	0.0020304568527918783	0.06598984771573604	0.03654822335025381	0.02131979695431472	0.13807106598984772	0.02030456852791878	0.07411167512690356	0.028426395939086295	0.06395939086294417	0.015228426395939087	0.09238578680203045	0.005076142131979695	0.048730964467005075	0.03654822335025381	0.07715736040609138	0.09746192893401015	0.05888324873096447	0.013197969543147208	0.029441624365482234
R6IIZ4_9FIRM	0.07351351351351351	0.003243243243243243	0.055135135135135134	0.036756756756756756	0.01945945945945946	0.14162162162162162	0.012972972972972972	0.07135135135135136	0.03027027027027027	0.06054054054054054	0.02918918918918919	0.0745945945945946	0.011891891891891892	0.05297297297297297	0.032432432432432434	0.08756756756756756	0.07783783783783783	0.07027027027027027	0.010810810810810811	0.04756756756756757
A0A178IKT8_9BACT	0.1291390728476821	0.0011037527593818985	0.04856512141280353	0.028145695364238412	0.029801324503311258	0.16942604856512142	0.010485651214128035	0.05739514348785872	0.02041942604856512	0.07891832229580574	0.009933774834437087	0.05132450331125828	0.016004415011037526	0.02152317880794702	0.02759381898454746	0.09050772626931568	0.09326710816777042	0.08057395143487858	0.009381898454746136	0.026490066225165563
A0A068QU12_9GAMM	0.0673015873015873	0.0012698412698412698	0.06476190476190476	0.03111111111111111	0.02603174603174603	0.1568253968253968	0.017142857142857144	0.054603174603174605	0.04888888888888889	0.07428571428571429	0.011428571428571429	0.07238095238095238	0.019682539682539683	0.03873015873015873	0.02603174603174603	0.08634920634920636	0.10285714285714286	0.06285714285714286	0.008888888888888889	0.02857142857142857
A0A3R8TXQ9_9GAMM	0.12043010752688173	0.004301075268817204	0.04838709677419355	0.03225806451612903	0.023655913978494623	0.15698924731182795	0.011827956989247311	0.03225806451612903	0.0032258064516129032	0.07634408602150537	0.012903225806451613	0.05161290322580645	0.03333333333333333	0.05161290322580645	0.05053763440860215	0.1010752688172043	0.07849462365591398	0.07849462365591398	0.011827956989247311	0.02043010752688172
A0A178IMP0_9BACT	0.11488439306358382	0.002167630057803468	0.0476878612716763	0.02384393063583815	0.031791907514450865	0.157514450867052	0.025289017341040464	0.05563583815028902	0.01878612716763006	0.09176300578034682	0.005780346820809248	0.06936416184971098	0.022398843930635837	0.022398843930635837	0.030346820809248554	0.08526011560693642	0.09393063583815028	0.06430635838150289	0.01083815028901734	0.02601156069364162
A0A364JXG6_9HYPH	0.09278846153846154	0.0	0.06778846153846153	0.023076923076923078	0.02451923076923077	0.14567307692307693	0.017788461538461538	0.05721153846153846	0.02548076923076923	0.08365384615384615	0.008173076923076924	0.07596153846153846	0.01826923076923077	0.03798076923076923	0.022115384615384617	0.09086538461538461	0.09278846153846154	0.08125	0.011538461538461539	0.023076923076923078
D1AFP2_SEBTE	0.0635386119257087	0.0	0.06647116324535679	0.044965786901270774	0.030303030303030304	0.12316715542521994	0.01270772238514174	0.07820136852394917	0.05180840664711633	0.053763440860215055	0.011730205278592375	0.09481915933528837	0.01857282502443793	0.02346041055718475	0.02541544477028348	0.10557184750733138	0.08211143695014662	0.0635386119257087	0.006842619745845552	0.043010752688172046
E3G7J2_ENTLS	0.09117647058823529	0.00196078431372549	0.05196078431372549	0.03137254901960784	0.021568627450980392	0.13333333333333333	0.010784313725490196	0.04411764705882353	0.026470588235294117	0.0803921568627451	0.011764705882352941	0.08529411764705883	0.028431372549019607	0.05392156862745098	0.041176470588235294	0.08431372549019608	0.09215686274509804	0.06568627450980392	0.01568627450980392	0.028431372549019607
A0A4U6BHI8_9HYPH	0.08752327746741155	0.00186219739292365	0.06610800744878957	0.0335195530726257	0.025139664804469275	0.15921787709497207	0.0223463687150838	0.055865921787709494	0.010242085661080074	0.07355679702048418	0.006517690875232775	0.06424581005586592	0.019553072625698324	0.027932960893854747	0.03445065176908752	0.08845437616387337	0.10521415270018622	0.07541899441340782	0.012104283054003724	0.030726256983240222
D1AVH6_STRM9	0.029885057471264367	0.0	0.05517241379310345	0.0735632183908046	0.04597701149425287	0.0735632183908046	0.013793103448275862	0.09195402298850575	0.09425287356321839	0.0896551724137931	0.020689655172413793	0.12413793103448276	0.009195402298850575	0.013793103448275862	0.03103448275862069	0.07816091954022988	0.054022988505747126	0.04827586206896552	0.010344827586206896	0.04252873563218391
Q5F7L5_NEIG1	0.0528169014084507	0.01056338028169014	0.06690140845070422	0.056338028169014086	0.03873239436619718	0.13028169014084506	0.014084507042253521	0.03169014084507042	0.0880281690140845	0.08098591549295775	0.02464788732394366	0.0528169014084507	0.014084507042253521	0.035211267605633804	0.0528169014084507	0.08450704225352113	0.04225352112676056	0.05985915492957746	0.017605633802816902	0.045774647887323945
A0A2U8E0S0_9BACT	0.12795398009950248	0.0004664179104477612	0.04539800995024876	0.022232587064676616	0.034981343283582086	0.138681592039801	0.014458955223880597	0.06358830845771145	0.013837064676616915	0.08893034825870647	0.007307213930348258	0.07587064676616916	0.014925373134328358	0.022388059701492536	0.020211442786069653	0.09172885572139304	0.12764303482587064	0.052394278606965175	0.009172885572139303	0.027829601990049753
A0A5C6TRB0_9SPHN	0.14043583535108958	0.002421307506053269	0.06376109765940274	0.02824858757062147	0.021791767554479417	0.1509281678773204	0.010492332526230832	0.05488297013720742	0.0016142050040355124	0.07506053268765134	0.005649717514124294	0.04600484261501211	0.03470540758676352	0.022598870056497175	0.04600484261501211	0.08797417271993543	0.09765940274414851	0.06376109765940274	0.014527845036319613	0.031476997578692496
A0A1I7NJ09_9HYPH	0.06108786610878661	0.002510460251046025	0.12384937238493723	0.03347280334728033	0.0301255230125523	0.1489539748953975	0.02092050209205021	0.08284518828451883	0.038493723849372385	0.04184100418410042	0.008368200836820083	0.07029288702928871	0.01506276150627615	0.017573221757322177	0.05355648535564853	0.07531380753138076	0.06694560669456066	0.07364016736401674	0.009205020920502092	0.02594142259414226
A0A2S9QD52_9HYPH	0.11148648648648649	0.002533783783783784	0.03800675675675676	0.018581081081081082	0.016891891891891893	0.16976351351351351	0.007601351351351352	0.04054054054054054	0.02533783783783784	0.06756756756756757	0.011824324324324325	0.057432432432432436	0.02533783783783784	0.037162162162162164	0.024493243243243243	0.10388513513513513	0.11824324324324324	0.07516891891891891	0.016047297297297296	0.03209459459459459
A0A259UX36_9FIRM	0.10323383084577115	0.0024875621890547263	0.053482587064676616	0.022388059701492536	0.01616915422885572	0.10323383084577115	0.009950248756218905	0.05970149253731343	0.04228855721393035	0.06840796019900497	0.006218905472636816	0.08084577114427861	0.013681592039800995	0.024875621890547265	0.021144278606965175	0.11194029850746269	0.12313432835820895	0.05845771144278607	0.011194029850746268	0.06716417910447761
A0A0Q5NZ47_9BURK	0.10511363636363637	0.001893939393939394	0.04640151515151515	0.020833333333333332	0.032196969696969696	0.14488636363636365	0.010416666666666666	0.04734848484848485	0.02556818181818182	0.07765151515151515	0.008522727272727272	0.06723484848484848	0.04924242424242424	0.03314393939393939	0.026515151515151516	0.07386363636363637	0.1240530303030303	0.07007575757575757	0.006628787878787879	0.028409090909090908
Q9F286_YERPE	0.079476861167002	0.001006036217303823	0.05835010060362173	0.04024144869215292	0.03219315895372234	0.08651911468812877	0.030181086519114688	0.06539235412474849	0.05432595573440644	0.06740442655935613	0.007042253521126761	0.07344064386317907	0.03420523138832998	0.04527162977867203	0.023138832997987926	0.09758551307847083	0.09959758551307847	0.0613682092555332	0.012072434607645875	0.03118712273641851
A0A0G3CPQ7_9GAMM	0.07271010387157696	0.0018885741265344666	0.05099150141643059	0.04343720491029273	0.02644003777148253	0.14919735599622286	0.027384324834749764	0.05571293673276676	0.039660056657223795	0.07365439093484419	0.016052880075542966	0.09537299338999056	0.010387157695939566	0.031161473087818695	0.03588290840415486	0.06326723323890462	0.0906515580736544	0.06893295561850803	0.016052880075542966	0.031161473087818695
A0A2U8E5I9_9BACT	0.13133300541072307	0.002459419576979833	0.04918839153959666	0.019183472700442697	0.03000491883915396	0.11706837186424005	0.019675356615838663	0.05017215937038859	0.026561731431382195	0.06886374815543532	0.009837678307919331	0.06394490900147565	0.04230201672405312	0.02459419576979833	0.024102311854402363	0.07230693556320708	0.12985735366453516	0.06935563207083129	0.01426463354648303	0.034923757993113626
A0A178INT3_9BACT	0.14594594594594595	0.0	0.05387387387387387	0.017117117117117116	0.027927927927927927	0.1554954954954955	0.013873873873873874	0.0409009009009009	0.013513513513513514	0.10918918918918918	0.0046846846846846845	0.053513513513513515	0.018018018018018018	0.018378378378378378	0.02954954954954955	0.0763963963963964	0.12486486486486487	0.06468468468468469	0.011171171171171172	0.020900900900900903
A0A259UQZ5_9FIRM	0.16625916870415647	0.003667481662591687	0.04645476772616137	0.007334963325183374	0.008557457212713936	0.10146699266503667	0.007334963325183374	0.06601466992665037	0.018337408312958436	0.05134474327628362	0.008557457212713936	0.08312958435207823	0.013447432762836185	0.013447432762836185	0.017114914425427872	0.1430317848410758	0.13691931540342298	0.044009779951100246	0.006112469437652812	0.05745721271393643
A0A017H8U7_9FUSO	0.056719022687609075	0.0	0.04537521815008726	0.07417102966841187	0.05235602094240838	0.08027923211169284	0.02617801047120419	0.06980802792321117	0.08726003490401396	0.07591623036649214	0.016579406631762654	0.06806282722513089	0.030541012216404886	0.03315881326352531	0.04799301919720768	0.08202443280977312	0.04799301919720768	0.0462478184991274	0.012216404886561954	0.04712041884816754
A0A2K2FY00_9SPHN	0.14033366045142295	0.001962708537782139	0.0647693817468106	0.016683022571148183	0.04121687929342493	0.16094210009813542	0.003925417075564278	0.047105004906771344	0.010794896957801767	0.047105004906771344	0.012757605495583905	0.06575073601570167	0.009813542688910697	0.019627085377821395	0.03631010794896958	0.09126594700686948	0.1069676153091266	0.09224730127576054	0.003925417075564278	0.02649656526005888
A0A1Y0KX89_9PSED	0.10465116279069768	0.0033222591362126247	0.06893687707641195	0.030730897009966777	0.022425249169435217	0.12375415282392027	0.007475083056478406	0.053156146179401995	0.022425249169435217	0.07641196013289037	0.008305647840531562	0.07890365448504984	0.023255813953488372	0.03820598006644518	0.04318936877076412	0.10465116279069768	0.09302325581395349	0.0664451827242525	0.008305647840531562	0.022425249169435217
YDHQ_ECOLI	0.08133971291866028	0.011961722488038277	0.05263157894736842	0.07177033492822966	0.011961722488038277	0.1507177033492823	0.011961722488038277	0.0645933014354067	0.03588516746411483	0.10526315789473684	0.011961722488038277	0.05502392344497608	0.01674641148325359	0.0430622009569378	0.023923444976076555	0.06220095693779904	0.07894736842105263	0.09090909090909091	0.004784688995215311	0.014354066985645933
A0A366DLZ8_9HYPH	0.09491059147180192	0.002751031636863824	0.07427785419532325	0.02888583218707015	0.026134800550206328	0.13067400275103164	0.013755158184319119	0.07015130674002751	0.03576341127922971	0.07427785419532325	0.013755158184319119	0.07702888583218707	0.02200825309491059	0.02888583218707015	0.03576341127922971	0.06464924346629987	0.09353507565337002	0.055020632737276476	0.009628610729023384	0.048143053645116916
A0A433SHY3_9BURK	0.07288317256162916	0.003215434083601286	0.05466237942122187	0.03536977491961415	0.02679528403001072	0.12754555198285103	0.013933547695605574	0.05359056806002144	0.02465166130760986	0.06859592711682744	0.01822079314040729	0.0707395498392283	0.023579849946409433	0.05144694533762058	0.03536977491961415	0.09646302250803858	0.09431939978563773	0.07288317256162916	0.013933547695605574	0.04180064308681672
A0A1T4XXW1_9BACT	0.18789808917197454	0.0010615711252653928	0.045647558386411886	0.049893842887473464	0.03184713375796178	0.1464968152866242	0.012738853503184714	0.02653927813163482	0.016985138004246284	0.04883227176220807	0.020169851380042462	0.025477707006369428	0.027600849256900213	0.029723991507430998	0.040339702760084924	0.08598726114649681	0.09129511677282377	0.04246284501061571	0.054140127388535034	0.014861995753715499
A0A1Q8IKH5_9BURK	0.20588235294117646	0.0	0.08823529411764706	0.0	0.0	0.17647058823529413	0.0	0.058823529411764705	0.029411764705882353	0.08823529411764706	0.029411764705882353	0.029411764705882353	0.0	0.0	0.058823529411764705	0.11764705882352941	0.08823529411764706	0.029411764705882353	0.0	0.0
A0A1H3CC23_9FLAO	0.09259259259259259	0.004629629629629629	0.04398148148148148	0.027777777777777776	0.032407407407407406	0.11342592592592593	0.004629629629629629	0.0787037037037037	0.046296296296296294	0.05324074074074074	0.011574074074074073	0.12037037037037036	0.011574074074074073	0.03009259259259259	0.018518518518518517	0.09953703703703703	0.09722222222222222	0.07175925925925926	0.006944444444444444	0.034722222222222224
A0A369IFG2_9BACT	0.08662613981762918	0.001519756838905775	0.034954407294832825	0.0425531914893617	0.05015197568389058	0.08358662613981763	0.019756838905775075	0.06231003039513678	0.0364741641337386	0.07142857142857142	0.013677811550151976	0.0790273556231003	0.044072948328267476	0.04559270516717325	0.044072948328267476	0.10182370820668693	0.08662613981762918	0.05015197568389058	0.0060790273556231	0.03951367781155015
A0A7D5NSY3_9GAMM	0.1836734693877551	0.02040816326530612	0.04081632653061224	0.02040816326530612	0.02040816326530612	0.16326530612244897	0.0	0.08163265306122448	0.08163265306122448	0.061224489795918366	0.02040816326530612	0.02040816326530612	0.02040816326530612	0.02040816326530612	0.0	0.08163265306122448	0.061224489795918366	0.061224489795918366	0.0	0.04081632653061224
A0A263HDB6_9PAST	0.1003584229390681	0.0	0.07885304659498207	0.05017921146953405	0.03942652329749104	0.07885304659498207	0.010752688172043012	0.05734767025089606	0.07885304659498207	0.06093189964157706	0.014336917562724014	0.08960573476702509	0.017921146953405017	0.03942652329749104	0.053763440860215055	0.05734767025089606	0.07526881720430108	0.035842293906810034	0.017921146953405017	0.043010752688172046
A0A2P7P1J7_9GAMM	0.19736842105263158	0.0	0.05263157894736842	0.02631578947368421	0.0	0.18421052631578946	0.0	0.07894736842105263	0.013157894736842105	0.039473684210526314	0.013157894736842105	0.07894736842105263	0.0	0.02631578947368421	0.039473684210526314	0.07894736842105263	0.039473684210526314	0.09210526315789473	0.013157894736842105	0.02631578947368421
F2BWA5_9FIRM	0.11320754716981132	0.018867924528301886	0.05660377358490566	0.05660377358490566	0.05660377358490566	0.1509433962264151	0.0	0.05660377358490566	0.09433962264150944	0.03773584905660377	0.018867924528301886	0.03773584905660377	0.0	0.018867924528301886	0.018867924528301886	0.1320754716981132	0.018867924528301886	0.05660377358490566	0.018867924528301886	0.03773584905660377
A0A1I1E164_9GAMM	0.09655172413793103	0.013793103448275862	0.059770114942528735	0.07586206896551724	0.009195402298850575	0.09195402298850575	0.016091954022988506	0.06666666666666667	0.03218390804597701	0.07586206896551724	0.013793103448275862	0.0367816091954023	0.052873563218390804	0.022988505747126436	0.029885057471264367	0.08045977011494253	0.07816091954022988	0.08275862068965517	0.022988505747126436	0.041379310344827586
A0A1G7FVM8_9FLAO	0.09404388714733543	0.004702194357366771	0.050156739811912224	0.03134796238244514	0.03134796238244514	0.12225705329153605	0.006269592476489028	0.048589341692789965	0.05329153605015674	0.06269592476489028	0.02037617554858934	0.08463949843260188	0.0219435736677116	0.032915360501567396	0.034482758620689655	0.09561128526645768	0.08934169278996865	0.07523510971786834	0.003134796238244514	0.03761755485893417
A0A134CBF2_9FIRM	0.11796982167352538	0.0	0.08093278463648834	0.04938271604938271	0.02194787379972565	0.10699588477366255	0.013717421124828532	0.053497942386831275	0.08093278463648834	0.06035665294924554	0.019204389574759947	0.0644718792866941	0.03566529492455418	0.024691358024691357	0.03429355281207133	0.0644718792866941	0.06172839506172839	0.07544581618655692	0.0054869684499314125	0.02880658436213992
